832,720,905,626.997185,667.697620,793.302393,
775,720,905,529.092216,627.111292,805.584431,
832,674,905,594.421053,539.303017,799.625301,
832,720,848,601.639986,670.653534,578.200245,
775,674,905,495.727491,497.652817,813.359928,
832,674,848,568.740845,540.757179,582.257318,
775,720,848,502.346849,630.297232,588.710022,
775,674,848,467.539787,497.811985,592.872238,
721,674,848,387.743092,464.070082,600.986338,
775,628,848,439.351320,391.814375,595.837498,
775,674,791,443.609715,496.786928,413.488007,
721,628,848,358.653736,356.857228,604.393768,
775,628,791,416.250563,390.831041,415.511084,
721,674,791,363.240719,463.485384,420.445204,
721,628,791,333.672595,354.768491,421.934938,
666,628,791,267.978024,326.210260,426.743555,
721,582,791,310.051870,269.119287,422.603989,
721,628,733,313.885212,353.221369,277.734160,
666,582,791,243.525910,239.480042,427.799177,
721,582,733,289.508629,266.174364,276.606083,
666,628,733,247.442818,324.625063,281.682587,
666,582,733,222.385812,236.519790,280.980062,
609,582,733,171.960344,214.061356,283.531237,
666,534,733,203.726339,171.035719,280.387478,
666,582,673,206.734300,234.694028,170.967426,
609,534,733,152.478099,147.562194,282.860184,
666,534,673,187.578669,168.090668,169.278727,
609,582,673,155.148783,211.416721,172.372446,
609,534,673,135.587585,144.288111,171.087923,
579,534,673,114.948404,134.918177,171.710339,
609,508,673,127.991462,118.023479,170.634985,
609,534,640,129.020572,143.266487,126.733708,
579,508,673,107.130897,108.436751,171.215305,
609,508,640,120.966911,116.348505,125.747693,
579,534,640,108.178329,133.787227,127.210975,
579,508,640,99.919090,106.573653,126.148677,
548,508,640,83.524904,99.250641,126.845968,
579,480,640,93.703108,84.959431,125.865424,
579,508,606,94.604340,105.863655,89.591951,
548,480,640,76.923347,77.182565,126.359379,
579,480,606,87.909775,83.592529,88.711843,
548,508,606,77.975779,98.381176,90.088987,
548,480,606,71.108050,75.839524,89.177151,
515,480,606,57.344456,69.381752,89.194746,
548,452,606,65.941186,58.498049,88.644056,
548,480,571,66.684318,74.886451,60.620160,
515,452,606,52.122269,52.002740,88.856153,
548,452,571,61.374855,57.359500,59.897742,
515,480,571,53.029680,68.686752,60.877280,
515,452,571,47.544971,50.869246,60.096102,
498,452,571,41.984105,48.165946,59.909668,
515,437,571,45.354714,43.689938,59.809165,
515,452,553,45.678439,50.374484,48.595672,
498,437,571,39.969891,41.181183,59.919372,
515,437,553,43.554444,43.258152,48.364463,
498,452,553,40.366530,47.996035,48.714795,
498,437,553,38.157436,40.730662,48.438463,
478,437,553,32.931900,38.302898,48.483615,
498,419,553,36.020818,33.790200,48.158469,
498,437,532,36.264031,40.190735,37.093532,
478,419,553,30.632613,31.178639,48.023944,
498,419,532,34.168332,33.289318,36.840653,
478,437,532,31.086304,37.828596,37.189577,
478,419,532,28.893247,30.786781,36.862340,
459,419,532,24.793441,28.904287,36.937568,
478,401,532,27.245855,25.379643,36.661587,
478,419,510,27.441025,30.448263,27.650239,
459,401,532,23.054035,23.406410,36.661172,
478,401,510,25.659082,24.886491,27.314394,
459,419,510,23.264968,28.488088,27.680297,
459,401,510,21.524248,22.960217,27.381411,
438,401,510,18.026104,21.293724,27.394481,
459,381,510,20.043352,18.218294,27.179205,
459,401,485,20.256946,22.640324,19.484891,
438,381,510,16.579465,16.598339,27.235010,
459,381,485,18.779964,17.888144,19.275378,
438,401,485,16.813545,21.071422,19.555790,
438,381,485,15.287923,16.249218,19.324003,
414,381,485,12.343880,14.822214,19.283804,
438,359,485,14.151245,12.571989,19.167807,
438,381,459,14.236983,15.942167,12.951073,
414,359,485,11.144195,11.089690,19.068813,
438,359,459,13.063349,12.222813,12.775227,
414,381,459,11.344337,14.596766,12.980598,
414,359,459,10.158176,10.851152,12.811060,
400,359,459,8.897912,10.269127,12.818127,
414,346,459,9.659547,9.215078,12.755605,
414,359,444,9.670577,10.680403,10.035096,
400,346,459,8.317522,8.526111,12.694646,
414,346,444,9.166887,9.037042,9.983232,
400,359,444,8.433406,10.125868,10.075897,
400,346,444,7.904968,8.445250,10.006107,
387,346,444,6.936462,7.997026,10.015829,
400,334,444,7.488879,7.162059,9.926721,
400,346,430,7.519326,8.306682,7.830364,
387,334,444,6.512711,6.704885,9.936831,
400,334,430,7.150505,7.076466,7.798946,
387,346,430,6.542527,7.848419,7.840153,
387,334,430,6.159148,6.600645,7.798251,
371,334,430,5.191887,6.110110,7.749606,
387,319,430,5.730496,5.323335,7.704791,
387,334,412,5.818905,6.508569,5.719153,
371,319,430,4.785807,4.865627,7.684818,
387,319,412,5.370730,5.207119,5.611158,
371,334,412,4.860907,6.027757,5.701837,
371,319,412,4.420744,4.740256,5.588533,
355,319,412,3.725862,4.410151,5.602054,
371,303,412,4.146544,3.809513,5.592743,
371,319,394,4.156272,4.661857,3.977852,
355,303,412,3.439485,3.471241,5.601160,
371,303,394,3.862087,3.710557,3.960156,
355,319,394,3.476962,4.358329,4.013030,
355,303,394,3.157073,3.375556,3.965998,
336,303,394,2.537668,3.068512,3.953703,
355,285,394,2.898177,2.588177,3.926870,
355,303,374,2.929405,3.300724,2.634097,
336,285,394,2.285854,2.289810,3.921720,
355,285,374,2.680129,2.519153,2.607021,
336,303,374,2.325535,3.015275,2.644477,
336,285,374,2.057558,2.210593,2.598548,
316,285,374,1.632356,2.001954,2.599458,
336,264,374,1.868123,1.633402,2.574196,
336,285,353,1.900333,2.165082,1.639767,
316,264,374,1.434615,1.414785,2.572961,
336,264,353,1.696152,1.569724,1.601394,
316,285,353,1.463996,1.944363,1.632692,
316,264,353,1.264011,1.352927,1.599290,
289,264,353,0.933430,1.180828,1.595659,
316,238,353,1.111066,0.922071,1.572521,
316,264,328,1.123991,1.296808,0.832278,
289,238,353,0.782482,0.750677,1.572395,
316,238,328,0.971604,0.865655,0.806092,
289,264,328,0.792932,1.122471,0.829478,
289,238,328,0.633740,0.682962,0.790688,
245,238,328,0.431383,0.565090,0.792443,
289,199,328,0.537918,0.420646,0.782311,
289,238,299,0.543002,0.641979,0.306460,
245,199,328,0.334222,0.302375,0.783814,
289,199,299,0.444847,0.377932,0.291961,
245,238,299,0.340812,0.526493,0.307353,
245,199,299,0.239349,0.257211,0.292032,
230,199,299,0.210914,0.237701,0.290592,
245,184,299,0.222654,0.216353,0.291428,
245,199,285,0.208736,0.237498,0.156069,
230,184,299,0.194303,0.197059,0.289298,
245,184,285,0.190561,0.194665,0.153311,
230,199,285,0.180502,0.218272,0.156600,
230,184,285,0.159953,0.172886,0.149416,
118,184,285,0.113719,0.136989,0.148060,
230,91,285,0.131955,0.111972,0.146166,
230,184,268,0.133107,0.150301,0.057384,
118,91,285,0.083401,0.074895,0.141040,
230,91,268,0.106099,0.092518,0.055534,
118,184,268,0.086792,0.113678,0.056109,
118,91,268,0.057256,0.055030,0.051031,
55,91,268,0.055543,0.053441,0.050221,
118,28,268,0.056368,0.053260,0.051720,
118,91,205,0.010547,0.007649,0.000908,
55,28,268,0.054918,0.051904,0.051771,
118,28,205,0.009635,0.006797,0.001234,
55,91,205,0.009315,0.006788,0.000751,
55,28,205,0.008182,0.005791,0.000985,